一つの事例
クロスエントロピー：1.0572552352910112
勾配：tensor([[ 0.0055, -0.0192, -0.0081,  ..., -0.0063,  0.0074,  0.0193],
        [ 0.0133, -0.0460, -0.0194,  ..., -0.0152,  0.0177,  0.0464],
        [ 0.0062, -0.0213, -0.0090,  ..., -0.0070,  0.0082,  0.0215],
        [-0.0250,  0.0865,  0.0364,  ...,  0.0285, -0.0332, -0.0873]],
       dtype=torch.float64)
複数の事例
クロスエントロピー：1.3289688322326227
勾配：tensor([[ 0.0198, -0.0114, -0.0300,  ..., -0.0130, -0.0251,  0.0378],
        [-0.0030, -0.0099,  0.0071,  ..., -0.0012,  0.0132, -0.0019],
        [-0.0062, -0.0033,  0.0045,  ...,  0.0033,  0.0124, -0.0043],
        [-0.0106,  0.0246,  0.0184,  ...,  0.0110, -0.0005, -0.0317]],
       dtype=torch.float64)
